Rozmiar   Gestosc   Czas 
10   25   0.006779
10   25   0.006231
10   25   0.006805
10   25   0.0066
10   25   0.006686
10   25   0.00657
10   25   0.006653
10   25   0.006665
10   25   0.006555
10   25   0.006881
10   25   0.006556
10   25   0.006416
10   25   0.006315
10   25   0.006162
10   25   0.006605
10   25   0.007215
10   25   0.006542
10   25   0.006429
10   25   0.006797
10   25   0.006942
10   25   0.006757
10   25   0.006457
10   25   0.006534
10   25   0.006518
10   25   0.006491
10   25   0.006657
10   25   0.006703
10   25   0.006421
10   25   0.006777
10   25   0.006397
10   25   0.006268
10   25   0.006757
10   25   0.006462
10   25   0.006991
10   25   0.006956
10   25   0.007006
10   25   0.006784
10   25   0.006429
10   25   0.00677
10   25   0.006613
10   25   0.006592
10   25   0.006208
10   25   0.00667
10   25   0.006368
10   25   0.006566
10   25   0.006631
10   25   0.007041
10   25   0.006647
10   25   0.006407
10   25   0.006956
10   25   0.006807
10   25   0.006304
10   25   0.00671
10   25   0.00633
10   25   0.006602
10   25   0.006818
10   25   0.006567
10   25   0.006864
10   25   0.00707
10   25   0.006656
10   25   0.006373
10   25   0.006923
10   25   0.006672
10   25   0.006312
10   25   0.006437
10   25   0.006371
10   25   0.006997
10   25   0.00656
10   25   0.00698
10   25   0.006668
10   25   0.00652
10   25   0.005955
10   25   0.006821
10   25   0.00657
10   25   0.006659
10   25   0.006696
10   25   0.006546
10   25   0.006743
10   25   0.006893
10   25   0.006348
10   25   0.006715
10   25   0.006472
10   25   0.006618
10   25   0.006388
10   25   0.006309
10   25   0.006754
10   25   0.006679
10   25   0.006542
10   25   0.006316
10   25   0.006386
10   25   0.00609
10   25   0.006793
10   25   0.006477
10   25   0.006462
10   25   0.006821
10   25   0.005935
10   25   0.006916
10   25   0.006853
10   25   0.006224
10   25   0.006477
10   50   0.007303
10   50   0.007458
10   50   0.007454
10   50   0.007452
10   50   0.008167
10   50   0.008182
10   50   0.007922
10   50   0.007616
10   50   0.007417
10   50   0.007951
10   50   0.007656
10   50   0.007863
10   50   0.007478
10   50   0.008112
10   50   0.008024
10   50   0.007636
10   50   0.007613
10   50   0.00795
10   50   0.007509
10   50   0.008421
10   50   0.007322
10   50   0.007798
10   50   0.007852
10   50   0.024078
10   50   0.007645
10   50   0.008222
10   50   0.008005
10   50   0.007953
10   50   0.008383
10   50   0.008143
10   50   0.008314
10   50   0.008307
10   50   0.007921
10   50   0.007762
10   50   0.00855
10   50   0.007831
10   50   0.007961
10   50   0.007765
10   50   0.008114
10   50   0.008171
10   50   0.007974
10   50   0.00767
10   50   0.007679
10   50   0.007752
10   50   0.007833
10   50   0.008251
10   50   0.006894
10   50   0.008066
10   50   0.007575
10   50   0.008228
10   50   0.008098
10   50   0.007823
10   50   0.007565
10   50   0.008108
10   50   0.007666
10   50   0.007867
10   50   0.007843
10   50   0.007466
10   50   0.007977
10   50   0.007498
10   50   0.007511
10   50   0.007574
10   50   0.007368
10   50   0.008285
10   50   0.008034
10   50   0.007667
10   50   0.008305
10   50   0.007681
10   50   0.008174
10   50   0.008164
10   50   0.008294
10   50   0.008296
10   50   0.006781
10   50   0.007862
10   50   0.008105
10   50   0.008252
10   50   0.008114
10   50   0.00787
10   50   0.007868
10   50   0.008403
10   50   0.007849
10   50   0.007945
10   50   0.007562
10   50   0.007846
10   50   0.007879
10   50   0.008193
10   50   0.007835
10   50   0.015227
10   50   0.008262
10   50   0.00758
10   50   0.007497
10   50   0.007567
10   50   0.007523
10   50   0.007616
10   50   0.007789
10   50   0.007381
10   50   0.007404
10   50   0.008188
10   50   0.007173
10   50   0.008087
10   75   0.007537
10   75   0.007762
10   75   0.00817
10   75   0.006832
10   75   0.007628
10   75   0.007908
10   75   0.007808
10   75   0.007673
10   75   0.007004
10   75   0.007423
10   75   0.007509
10   75   0.007142
10   75   0.007752
10   75   0.007491
10   75   0.007229
10   75   0.007283
10   75   0.007665
10   75   0.007432
10   75   0.39998
10   75   0.007559
10   75   0.008123
10   75   0.007277
10   75   0.007636
10   75   0.020438
10   75   0.007495
10   75   0.007706
10   75   0.007522
10   75   0.007446
10   75   0.00779
10   75   0.007686
10   75   0.00749
10   75   0.007291
10   75   0.007308
10   75   0.007628
10   75   0.007428
10   75   0.007415
10   75   0.007746
10   75   0.007063
10   75   0.00755
10   75   0.007147
10   75   0.007436
10   75   0.007301
10   75   0.007386
10   75   0.007316
10   75   0.007683
10   75   0.007487
10   75   0.007072
10   75   0.008127
10   75   0.008209
10   75   0.007524
10   75   0.007558
10   75   0.007374
10   75   0.007755
10   75   0.007227
10   75   0.006782
10   75   0.007471
10   75   0.007593
10   75   0.007263
10   75   0.007453
10   75   0.007809
10   75   0.007705
10   75   0.007726
10   75   0.007792
10   75   0.007528
10   75   0.007087
10   75   0.007497
10   75   0.007533
10   75   0.00735
10   75   0.007167
10   75   0.007387
10   75   0.007616
10   75   0.007951
10   75   0.007264
10   75   0.007311
10   75   0.007233
10   75   0.007197
10   75   0.007469
10   75   0.00724
10   75   0.007266
10   75   0.007485
10   75   0.016701
10   75   0.007205
10   75   0.007886
10   75   0.007618
10   75   0.007765
10   75   0.00795
10   75   0.006815
10   75   0.007717
10   75   0.00744
10   75   0.007887
10   75   0.007124
10   75   0.007691
10   75   0.007799
10   75   0.007691
10   75   0.007324
10   75   0.007216
10   75   0.00721
10   75   0.007648
10   75   0.007138
10   75   0.006796
10   100   0.006062
10   100   0.005672
10   100   0.005688
10   100   0.00572
10   100   0.005683
10   100   0.005676
10   100   0.005654
10   100   0.005649
10   100   0.005674
10   100   0.005692
10   100   0.005665
10   100   0.005734
10   100   0.005731
10   100   0.00576
10   100   0.005616
10   100   0.005785
10   100   0.005643
10   100   0.005636
10   100   0.005585
10   100   0.005676
10   100   0.005587
10   100   0.005612
10   100   0.005663
10   100   0.00563
10   100   0.005649
10   100   0.005663
10   100   0.005592
10   100   0.005561
10   100   0.005799
10   100   0.00566
10   100   0.00585
10   100   0.00587
10   100   0.005689
10   100   0.005595
10   100   0.005628
10   100   0.005565
10   100   0.005579
10   100   0.005615
10   100   0.005888
10   100   0.019309
10   100   0.0057
10   100   0.005665
10   100   0.005564
10   100   0.005688
10   100   0.005672
10   100   0.005729
10   100   0.005802
10   100   0.005536
10   100   0.005729
10   100   0.005538
10   100   0.00557
10   100   0.005557
10   100   0.005623
10   100   0.00555
10   100   0.005767
10   100   0.005656
10   100   0.005506
10   100   0.005601
10   100   0.005568
10   100   0.005644
10   100   0.005696
10   100   0.005741
10   100   0.005618
10   100   0.005547
10   100   0.005535
10   100   0.005658
10   100   0.005638
10   100   0.005551
10   100   0.005593
10   100   0.005636
10   100   0.005702
10   100   0.005608
10   100   0.005682
10   100   0.005547
10   100   0.005715
10   100   0.0056
10   100   0.005785
10   100   0.00556
10   100   0.00569
10   100   0.005586
10   100   0.005546
10   100   0.005658
10   100   0.005825
10   100   0.005656
10   100   0.00552
10   100   0.005556
10   100   0.005693
10   100   0.005568
10   100   0.005619
10   100   0.005605
10   100   0.005577
10   100   0.005662
10   100   0.005624
10   100   0.005695
10   100   0.005642
10   100   0.005701
10   100   0.005543
10   100   0.005658
10   100   0.005574
10   100   0.005699
20   25   0.053728
20   25   0.054266
20   25   0.055924
20   25   0.052502
20   25   0.055928
20   25   0.053569
20   25   1.86433
20   25   0.067515
20   25   0.092607
20   25   0.052978
20   25   0.055561
20   25   0.05308
20   25   0.05499
20   25   0.05395
20   25   0.053956
20   25   0.063654
20   25   0.054538
20   25   0.05509
20   25   0.053942
20   25   0.053006
20   25   0.055012
20   25   0.053199
20   25   0.061904
20   25   0.054657
20   25   0.052616
20   25   0.053323
20   25   0.05333
20   25   0.053767
20   25   0.053256
20   25   0.055222
20   25   0.055596
20   25   0.054785
20   25   0.055016
20   25   0.053638
20   25   0.071219
20   25   0.05444
20   25   0.055011
20   25   0.051852
20   25   0.053148
20   25   0.053516
20   25   0.052793
20   25   0.05355
20   25   0.054857
20   25   0.052988
20   25   0.053655
20   25   0.053264
20   25   0.052424
20   25   0.054072
20   25   0.053684
20   25   0.095547
20   25   0.054684
20   25   0.053006
20   25   0.05526
20   25   0.053209
20   25   0.054179
20   25   0.054276
20   25   0.053558
20   25   0.055164
20   25   0.053933
20   25   0.068107
20   25   0.053469
20   25   0.054745
20   25   1.61307
20   25   0.0572
20   25   0.05547
20   25   0.053328
20   25   0.052518
20   25   0.052016
20   25   0.068049
20   25   0.054637
20   25   0.056755
20   25   0.052567
20   25   0.054021
20   25   0.052112
20   25   0.053247
20   25   0.054453
20   25   0.053593
20   25   0.05541
20   25   0.055467
20   25   0.052365
20   25   0.053102
20   25   0.053968
20   25   0.053834
20   25   0.063373
20   25   0.053301
20   25   0.292859
20   25   0.054148
20   25   0.0539
20   25   0.055304
20   25   0.053186
20   25   0.051823
20   25   0.052324
20   25   0.054085
20   25   0.054537
20   25   0.053941
20   25   0.054604
20   25   0.052896
20   25   0.054351
20   25   0.053757
20   25   0.055006
20   50   0.062402
20   50   0.065251
20   50   0.069237
20   50   0.067569
20   50   0.068639
20   50   0.0684
20   50   0.068663
20   50   0.068361
20   50   0.068125
20   50   0.068034
20   50   0.068469
20   50   0.069905
20   50   0.084247
20   50   0.064251
20   50   0.067936
20   50   0.066535
20   50   0.067479
20   50   0.067498
20   50   0.085108
20   50   0.070778
20   50   0.071064
20   50   0.067501
20   50   0.0687
20   50   0.069746
20   50   0.067868
20   50   0.065398
20   50   0.069825
20   50   0.064141
20   50   0.068648
20   50   0.066286
20   50   0.070761
20   50   0.069347
20   50   0.067811
20   50   0.23445
20   50   0.068774
20   50   0.070009
20   50   0.066784
20   50   0.114162
20   50   0.067425
20   50   0.068515
20   50   0.063599
20   50   0.070893
20   50   0.068496
20   50   0.067844
20   50   0.067358
20   50   0.068221
20   50   0.069166
20   50   0.078257
20   50   0.069009
20   50   0.065052
20   50   0.071322
20   50   0.066629
20   50   0.069517
20   50   0.134845
20   50   0.11902
20   50   0.06807
20   50   0.122932
20   50   0.0688
20   50   0.069797
20   50   0.070115
20   50   0.067838
20   50   0.070098
20   50   0.066386
20   50   0.070174
20   50   0.067989
20   50   0.070893
20   50   0.069093
20   50   0.066597
20   50   0.065268
20   50   0.068947
20   50   0.070068
20   50   0.068746
20   50   0.071676
20   50   0.067114
20   50   0.067479
20   50   0.065568
20   50   0.067766
20   50   0.068241
20   50   0.064707
20   50   0.069096
20   50   0.065852
20   50   0.067407
20   50   0.068903
20   50   0.069871
20   50   0.072017
20   50   0.064446
20   50   0.065833
20   50   0.068264
20   50   0.070101
20   50   0.067493
20   50   0.068635
20   50   0.069815
20   50   0.064645
20   50   0.067729
20   50   0.081462
20   50   0.067173
20   50   0.067723
20   50   0.068022
20   50   0.066517
20   50   0.093985
20   75   0.062103
20   75   0.058103
20   75   0.058495
20   75   0.058839
20   75   0.058473
20   75   0.058496
20   75   0.058993
20   75   0.056667
20   75   0.059583
20   75   0.061003
20   75   0.059417
20   75   0.058808
20   75   0.057633
20   75   0.060356
20   75   0.059216
20   75   0.058259
20   75   0.059449
20   75   0.061172
20   75   0.059451
20   75   0.058485
20   75   3.20963
20   75   0.058586
20   75   0.056504
20   75   0.057261
20   75   0.058474
20   75   0.058603
20   75   0.058467
20   75   0.060118
20   75   0.109307
20   75   0.057537
20   75   0.057531
20   75   0.057306
20   75   0.059013
20   75   0.060567
20   75   0.059476
20   75   0.057879
20   75   0.061054
20   75   0.058482
20   75   0.105388
20   75   0.352531
20   75   0.057491
20   75   0.058698
20   75   0.082758
20   75   0.057678
20   75   0.071883
20   75   0.060234
20   75   0.059377
20   75   0.056231
20   75   0.059622
20   75   0.057882
20   75   0.057728
20   75   0.058588
20   75   0.059966
20   75   0.056709
20   75   0.065724
20   75   0.060244
20   75   0.059544
20   75   0.059243
20   75   0.059663
20   75   0.05541
20   75   0.05913
20   75   0.060739
20   75   0.059066
20   75   0.059337
20   75   0.058392
20   75   0.058594
20   75   0.058977
20   75   0.059838
20   75   0.060566
20   75   0.060422
20   75   0.059741
20   75   0.059606
20   75   0.056134
20   75   0.059007
20   75   0.060199
20   75   0.058547
20   75   0.058406
20   75   0.059513
20   75   0.057651
20   75   0.059524
20   75   0.059483
20   75   0.061757
20   75   0.059037
20   75   0.089423
20   75   0.057839
20   75   0.103851
20   75   0.05772
20   75   0.057572
20   75   0.055629
20   75   0.060158
20   75   0.098646
20   75   0.060971
20   75   0.072033
20   75   0.106746
20   75   0.059561
20   75   0.056314
20   75   0.060362
20   75   0.058566
20   75   0.057995
20   75   0.059491
20   100   0.046249
20   100   0.045538
20   100   0.083315
20   100   0.04513
20   100   0.045335
20   100   0.045206
20   100   0.045412
20   100   0.045002
20   100   0.044798
20   100   0.045151
20   100   0.0679
20   100   0.045454
20   100   0.045097
20   100   0.044929
20   100   0.044939
20   100   0.045128
20   100   0.045062
20   100   0.045149
20   100   0.063346
20   100   0.052496
20   100   0.045031
20   100   0.045072
20   100   0.045203
20   100   0.045131
20   100   0.045137
20   100   0.04505
20   100   0.045233
20   100   0.045338
20   100   0.059344
20   100   0.045104
20   100   0.045035
20   100   0.045121
20   100   0.045132
20   100   0.045503
20   100   0.045274
20   100   0.04525
20   100   0.058393
20   100   0.045154
20   100   0.045374
20   100   0.045163
20   100   0.045128
20   100   0.045064
20   100   0.04519
20   100   0.04509
20   100   0.044828
20   100   0.055552
20   100   0.044905
20   100   0.044895
20   100   0.045129
20   100   0.045098
20   100   0.045394
20   100   0.04522
20   100   0.045589
20   100   0.045223
20   100   0.099582
20   100   0.045218
20   100   0.045
20   100   0.045214
20   100   0.04513
20   100   0.045276
20   100   0.045418
20   100   0.045189
20   100   0.053892
20   100   0.045013
20   100   0.045276
20   100   0.045294
20   100   0.045263
20   100   0.045365
20   100   0.045032
20   100   0.045018
20   100   0.045017
20   100   0.053138
20   100   0.044801
20   100   0.045117
20   100   0.044881
20   100   0.045395
20   100   0.044865
20   100   0.045089
20   100   0.044995
20   100   0.045049
20   100   0.053627
20   100   0.045009
20   100   0.045024
20   100   0.045044
20   100   0.045134
20   100   0.044976
20   100   0.045275
20   100   0.045151
20   100   0.045157
20   100   0.045076
20   100   0.04506
20   100   0.045127
20   100   0.045229
20   100   0.071094
20   100   0.044992
20   100   0.045456
20   100   0.045133
20   100   0.045347
20   100   0.044994
20   100   0.045075
40   25   0.471894
40   25   0.477978
40   25   0.477067
40   25   0.602344
40   25   0.62632
40   25   0.501829
40   25   0.482621
40   25   0.565755
40   25   0.482696
40   25   0.467887
40   25   0.518505
40   25   0.472569
40   25   0.537261
40   25   0.545862
40   25   0.843858
40   25   0.476443
40   25   0.481052
40   25   0.473561
40   25   0.479646
40   25   0.493164
40   25   0.496768
40   25   0.473196
40   25   0.484333
40   25   0.476886
40   25   0.483587
40   25   0.476239
40   25   0.4804
40   25   0.498604
40   25   0.473803
40   25   0.521219
40   25   0.473753
40   25   0.480854
40   25   0.471513
40   25   0.569431
40   25   0.530053
40   25   0.560647
40   25   0.511187
40   25   0.473387
40   25   0.531323
40   25   0.473102
40   25   0.489137
40   25   0.487177
40   25   0.499587
40   25   0.473452
40   25   0.489526
40   25   0.474848
40   25   0.472393
40   25   0.48603
40   25   0.468818
40   25   0.493478
40   25   0.687953
40   25   0.617662
40   25   0.487381
40   25   0.517333
40   25   2.73705
40   25   0.511683
40   25   0.471792
40   25   0.527384
40   25   0.488084
40   25   0.484574
40   25   0.497685
40   25   0.671435
40   25   0.51901
40   25   0.556323
40   25   0.580912
40   25   0.513226
40   25   0.517159
40   25   0.526913
40   25   0.472331
40   25   0.481662
40   25   0.470742
40   25   0.52613
40   25   0.472603
40   25   0.481394
40   25   0.507231
40   25   0.481012
40   25   0.482595
40   25   0.631232
40   25   0.484607
40   25   0.476388
40   25   0.48393
40   25   0.485953
40   25   0.498713
40   25   0.472753
40   25   0.479444
40   25   0.475178
40   25   0.46595
40   25   0.501326
40   25   0.485643
40   25   0.54876
40   25   0.474227
40   25   0.48373
40   25   0.471531
40   25   0.483622
40   25   0.516717
40   25   0.528576
40   25   0.514975
40   25   0.51317
40   25   0.483097
40   25   0.47391
40   50   0.614042
40   50   0.619002
40   50   0.62005
40   50   0.647376
40   50   0.621718
40   50   0.606178
40   50   0.666454
40   50   0.619693
40   50   0.646972
40   50   0.615462
40   50   0.639281
40   50   0.615345
40   50   0.606286
40   50   0.624169
40   50   0.616248
40   50   0.692858
40   50   0.758564
40   50   0.624576
40   50   0.613467
40   50   0.755897
40   50   0.635629
40   50   0.603562
40   50   0.6374
40   50   0.620965
40   50   0.614614
40   50   0.697103
40   50   0.671604
40   50   1.00479
40   50   0.669107
40   50   0.654202
40   50   0.658852
40   50   0.620286
40   50   0.619488
40   50   0.629448
40   50   0.624758
40   50   0.777377
40   50   0.610912
40   50   0.606441
40   50   0.611493
40   50   0.616241
40   50   0.646009
40   50   0.654417
40   50   0.650904
40   50   0.623408
40   50   0.62366
40   50   0.627663
40   50   0.65158
40   50   0.653298
40   50   0.635437
40   50   0.628734
40   50   0.639191
40   50   0.634124
40   50   0.660525
40   50   0.620057
40   50   0.627551
40   50   0.638726
40   50   0.622642
40   50   0.651659
40   50   0.647375
40   50   0.632696
40   50   0.61739
40   50   0.628023
40   50   0.751873
40   50   0.687236
40   50   0.655301
40   50   0.962733
40   50   0.630027
40   50   0.62034
40   50   0.661974
40   50   0.640236
40   50   0.65105
40   50   0.617221
40   50   0.675819
40   50   0.641119
40   50   0.672874
40   50   0.617022
40   50   0.645016
40   50   0.641409
40   50   0.615285
40   50   0.654136
40   50   0.637182
40   50   0.6546
40   50   0.618114
40   50   0.645981
40   50   0.630585
40   50   0.660666
40   50   0.624208
40   50   0.680914
40   50   0.639343
40   50   0.628999
40   50   0.662082
40   50   0.647937
40   50   0.620376
40   50   0.619061
40   50   0.642444
40   50   0.644999
40   50   0.655946
40   50   0.637558
40   50   0.630893
40   50   0.632868
40   75   0.531008
40   75   0.541171
40   75   0.546588
40   75   0.516554
40   75   0.539186
40   75   0.519686
40   75   0.520727
40   75   0.530192
40   75   0.654608
40   75   0.513378
40   75   0.520233
40   75   0.528446
40   75   0.546277
40   75   0.571158
40   75   0.522502
40   75   0.531771
40   75   0.515503
40   75   0.627914
40   75   0.532132
40   75   0.541519
40   75   0.510967
40   75   0.523989
40   75   0.511046
40   75   0.515576
40   75   0.52536
40   75   0.524552
40   75   0.5128
40   75   0.52409
40   75   0.515834
40   75   0.523961
40   75   0.521629
40   75   0.533523
40   75   0.520758
40   75   0.529161
40   75   0.518973
40   75   0.514958
40   75   0.526394
40   75   0.554386
40   75   0.719279
40   75   0.520119
40   75   0.534908
40   75   0.519435
40   75   0.51668
40   75   0.542472
40   75   0.527443
40   75   0.515929
40   75   0.524662
40   75   0.533925
40   75   0.513092
40   75   0.531224
40   75   0.52488
40   75   0.525753
40   75   0.527626
40   75   0.522325
40   75   0.517004
40   75   0.527093
40   75   0.530117
40   75   0.519297
40   75   0.680423
40   75   0.535564
40   75   0.531703
40   75   0.550565
40   75   0.537444
40   75   0.541538
40   75   0.516548
40   75   0.527407
40   75   0.530271
40   75   0.545937
40   75   0.527211
40   75   0.530444
40   75   0.515255
40   75   0.527201
40   75   0.524098
40   75   0.541481
40   75   0.51391
40   75   0.53193
40   75   0.511386
40   75   0.60041
40   75   0.532904
40   75   0.537609
40   75   0.512661
40   75   0.52791
40   75   0.518651
40   75   0.514701
40   75   0.539954
40   75   0.581716
40   75   0.510597
40   75   0.513805
40   75   0.514953
40   75   0.51038
40   75   0.514282
40   75   0.56524
40   75   0.502265
40   75   0.507542
40   75   0.511868
40   75   0.502576
40   75   0.511544
40   75   0.538604
40   75   0.498913
40   75   0.549573
40   100   0.360772
40   100   0.345649
40   100   0.355813
40   100   0.359968
40   100   0.346037
40   100   0.353444
40   100   0.345213
40   100   0.479191
40   100   0.355772
40   100   0.345107
40   100   0.374089
40   100   0.363393
40   100   0.356319
40   100   0.345719
40   100   0.359608
40   100   0.34536
40   100   0.369027
40   100   0.416493
40   100   0.345273
40   100   0.345822
40   100   0.35601
40   100   0.345116
40   100   0.345556
40   100   0.353458
40   100   0.345923
40   100   0.353513
40   100   0.345477
40   100   0.378026
40   100   0.354742
40   100   0.345761
40   100   0.345501
40   100   0.394601
40   100   0.345837
40   100   0.345577
40   100   0.353564
40   100   0.369969
40   100   0.345612
40   100   0.43175
40   100   0.345731
40   100   0.35989
40   100   0.355971
40   100   0.36048
40   100   0.374933
40   100   0.353844
40   100   0.345215
40   100   0.431581
40   100   0.345315
40   100   0.362292
40   100   0.41846
40   100   0.356504
40   100   0.345825
40   100   0.399583
40   100   0.344898
40   100   0.361126
40   100   0.456081
40   100   0.345354
40   100   0.345651
40   100   0.398572
40   100   0.346036
40   100   0.360637
40   100   0.503445
40   100   0.345217
40   100   0.345395
40   100   0.428632
40   100   0.344823
40   100   0.34524
40   100   0.418613
40   100   0.345753
40   100   0.402943
40   100   0.345677
40   100   0.345462
40   100   0.355257
40   100   0.347657
40   100   0.504201
40   100   0.406124
40   100   0.345105
40   100   0.345695
40   100   0.345335
40   100   0.360009
40   100   0.416127
40   100   0.403116
40   100   0.345614
40   100   0.345377
40   100   0.403429
40   100   0.414792
40   100   0.396036
40   100   0.34551
40   100   0.345662
40   100   0.426175
40   100   0.345799
40   100   0.36481
40   100   0.375944
40   100   0.345758
40   100   0.397737
40   100   0.345894
40   100   0.345679
40   100   0.398043
40   100   0.356049
40   100   0.345404
40   100   0.40535
80   25   4.19445
80   25   4.7876
80   25   4.23285
80   25   4.15172
80   25   4.20355
80   25   4.16479
80   25   4.26279
80   25   4.06024
80   25   4.14318
80   25   4.38303
80   25   3.99115
80   25   4.21906
80   25   4.10054
80   25   4.26384
80   25   4.10112
80   25   4.1501
80   25   4.27887
80   25   4.08941
80   25   4.17778
80   25   4.10593
80   25   4.1872
80   25   4.14554
80   25   4.14318
80   25   4.30558
80   25   4.26365
80   25   4.29318
80   25   4.14696
80   25   4.18903
80   25   4.25567
80   25   4.42395
80   25   4.48995
80   25   4.10208
80   25   4.4636
80   25   4.1809
80   25   4.16999
80   25   4.11806
80   25   4.24116
80   25   4.13753
80   25   4.78828
80   25   4.59955
80   25   4.24431
80   25   4.1212
80   25   4.07217
80   25   4.31187
80   25   4.35113
80   25   4.5591
80   25   3.94708
80   25   4.29687
80   25   3.99199
80   25   4.15027
80   25   4.07227
80   25   4.06982
80   25   4.03523
80   25   4.06982
80   25   4.12717
80   25   4.1746
80   25   4.00757
80   25   4.09226
80   25   4.11765
80   25   4.3043
80   25   4.13927
80   25   4.11764
80   25   4.20038
80   25   4.07031
80   25   3.95052
80   25   3.98442
80   25   5.3026
80   25   4.07413
80   25   4.10189
80   25   3.93336
80   25   4.1892
80   25   4.02823
80   25   4.00121
80   25   3.9934
80   25   3.94881
80   25   4.08861
80   25   3.99017
80   25   3.99251
80   25   4.40892
80   25   3.98101
80   25   4.07769
80   25   4.01514
80   25   4.31611
80   25   4.0078
80   25   3.98008
80   25   3.98457
80   25   4.14874
80   25   3.99675
80   25   4.05308
80   25   4.23425
80   25   4.09598
80   25   3.97174
80   25   4.02789
80   25   4.01842
80   25   4.22847
80   25   3.97692
80   25   4.04332
80   25   3.9954
80   25   4.03256
80   25   4.01246
80   50   5.16715
80   50   5.37428
80   50   5.19335
80   50   5.11294
80   50   5.34737
80   50   5.15315
80   50   5.1381
80   50   5.18191
80   50   5.38359
80   50   5.29599
80   50   7.11268
80   50   5.31176
80   50   5.2055
80   50   5.45181
80   50   5.10626
80   50   5.1527
80   50   5.1799
80   50   5.19529
80   50   5.12654
80   50   5.37424
80   50   12.695
80   50   5.40519
80   50   5.2333
80   50   5.38683
80   50   5.06688
80   50   5.12902
80   50   5.34516
80   50   5.44727
80   50   5.25864
80   50   5.21424
80   50   5.18054
80   50   5.13985
80   50   5.16234
80   50   5.16939
80   50   5.10503
80   50   5.10182
80   50   5.46594
80   50   5.18011
80   50   5.03308
80   50   5.22912
80   50   5.05416
80   50   5.1199
80   50   5.21153
80   50   5.20363
80   50   5.23204
80   50   5.18719
80   50   5.18733
80   50   5.16416
80   50   5.24776
80   50   5.12568
80   50   5.26117
80   50   5.20458
80   50   9.3871
80   50   6.5139
80   50   5.59857
80   50   5.13181
80   50   5.22742
80   50   5.28932
80   50   8.74981
80   50   5.3244
80   50   5.23632
80   50   5.12535
80   50   5.26065
80   50   5.35521
80   50   5.29524
80   50   5.22666
80   50   5.22257
80   50   5.17032
80   50   5.40861
80   50   5.19725
80   50   5.32009
80   50   5.45329
80   50   5.17036
80   50   10.8804
80   50   5.21241
80   50   5.25611
80   50   5.82912
80   50   5.55636
80   50   6.77338
80   50   5.39301
80   50   5.24457
80   50   5.54608
80   50   5.19273
80   50   5.19172
80   50   5.2092
80   50   5.24498
80   50   5.22136
80   50   5.26258
80   50   5.22166
80   50   5.20725
80   50   5.29117
80   50   5.31306
80   50   5.34903
80   50   5.28625
80   50   5.20613
80   50   5.30546
80   50   5.29614
80   50   5.28393
80   50   6.12615
80   50   5.22593
80   75   4.30051
80   75   4.26374
80   75   4.29269
80   75   4.5127
80   75   4.13041
80   75   4.26872
80   75   4.26234
80   75   4.27966
80   75   4.18978
80   75   4.247
80   75   4.21715
80   75   4.25367
80   75   4.26672
80   75   4.20149
80   75   4.20432
80   75   4.21305
80   75   4.20818
80   75   4.13441
80   75   4.23453
80   75   4.3985
80   75   4.30023
80   75   4.18092
80   75   4.2259
80   75   4.17783
80   75   4.15872
80   75   4.22549
80   75   4.38537
80   75   4.23267
80   75   4.21358
80   75   4.20001
80   75   4.19965
80   75   4.21748
80   75   4.19925
80   75   4.4893
80   75   4.26804
80   75   4.19515
80   75   4.17473
80   75   4.19559
80   75   4.24937
80   75   4.23692
80   75   4.28642
80   75   4.25964
80   75   4.21295
80   75   4.30919
80   75   4.25417
80   75   4.24252
80   75   4.21439
80   75   4.30779
80   75   4.1704
80   75   4.26637
80   75   4.26517
80   75   4.23932
80   75   4.20303
80   75   4.31618
80   75   4.31045
80   75   4.2541
80   75   4.22049
80   75   4.32907
80   75   4.20432
80   75   4.33524
80   75   4.27775
80   75   4.29705
80   75   4.21225
80   75   4.16861
80   75   4.37206
80   75   4.15582
80   75   4.29961
80   75   4.19995
80   75   4.35297
80   75   4.13872
80   75   4.24073
80   75   4.15
80   75   4.19896
80   75   4.17987
80   75   4.69914
80   75   4.30195
80   75   4.16234
80   75   4.15428
80   75   4.21381
80   75   4.26102
80   75   4.3597
80   75   4.2066
80   75   4.4092
80   75   4.34686
80   75   4.21392
80   75   4.17158
80   75   4.45612
80   75   4.27678
80   75   4.27281
80   75   4.34429
80   75   4.14992
80   75   4.30505
80   75   4.56526
80   75   4.3967
80   75   4.19759
80   75   4.29186
80   75   4.34515
80   75   4.37671
80   75   4.32378
80   75   4.85931
80   100   2.69681
80   100   2.71805
80   100   3.34354
80   100   2.85563
80   100   2.88867
80   100   2.69602
80   100   2.72992
80   100   2.70154
80   100   2.84826
80   100   2.78686
80   100   2.69478
80   100   2.69593
80   100   2.97442
80   100   2.76647
80   100   2.85327
80   100   2.69337
80   100   2.70007
80   100   2.72409
80   100   2.74666
80   100   2.72121
80   100   2.82814
80   100   2.72947
80   100   2.70494
80   100   2.65337
80   100   3.1063
80   100   2.7349
80   100   2.73478
80   100   2.71956
80   100   2.6608
80   100   2.74116
80   100   2.72928
80   100   2.65313
80   100   2.71284
80   100   2.77643
80   100   2.73579
80   100   2.81529
80   100   2.73642
80   100   2.87093
80   100   2.76616
80   100   2.70223
80   100   2.7515
80   100   2.6861
80   100   2.9779
80   100   3.12438
80   100   4.25042
80   100   4.42343
80   100   4.16231
80   100   4.60418
80   100   4.31989
80   100   4.3086
80   100   4.64646
80   100   4.86277
80   100   2.95799
80   100   2.82252
80   100   2.94729
80   100   2.74266
80   100   2.81855
80   100   2.76518
80   100   2.93515
80   100   2.73619
80   100   2.73524
80   100   2.75154
80   100   2.73113
80   100   2.89115
80   100   2.81248
80   100   5.41034
80   100   4.27252
80   100   3.52137
80   100   2.78639
80   100   2.81772
80   100   2.86171
80   100   2.79106
80   100   2.80279
80   100   2.97857
80   100   2.836
80   100   2.82493
80   100   2.78666
80   100   2.80158
80   100   2.81006
80   100   2.85453
80   100   2.82708
80   100   2.81691
80   100   2.80237
80   100   3.12468
80   100   3.12947
80   100   2.80585
80   100   2.81213
80   100   2.78471
80   100   2.76419
80   100   2.78199
80   100   2.90668
80   100   2.78734
80   100   2.81681
80   100   2.77044
80   100   2.78975
80   100   2.77637
80   100   3.03281
80   100   2.82088
80   100   2.91313
80   100   2.77234
100   25   8.18272
100   25   8.14581
100   25   8.21631
100   25   8.32103
100   25   8.50281
100   25   8.08727
100   25   8.77294
100   25   8.12017
100   25   8.00109
100   25   7.96189
100   25   8.00145
100   25   9.0237
100   25   8.10278
100   25   7.91456
100   25   8.07064
100   25   8.18185
100   25   7.91258
100   25   8.15192
100   25   7.96878
100   25   8.15949
100   25   7.95964
100   25   8.47649
100   25   9.05812
100   25   8.16662
100   25   7.98955
100   25   8.03538
100   25   7.97987
100   25   8.09146
100   25   7.93649
100   25   8.10742
100   25   7.92587
100   25   8.65064
100   25   7.90717
100   25   8.03619
100   25   7.94135
100   25   7.92019
100   25   8.06395
100   25   8.08867
100   25   8.57812
100   25   8.19849
100   25   7.93975
100   25   8.02472
100   25   8.5143
100   25   7.98038
100   25   7.92417
100   25   7.94547
100   25   7.88886
100   25   8.38366
100   25   8.05623
100   25   8.1122
100   25   8.1024
100   25   8.01517
100   25   7.90333
100   25   7.94367
100   25   8.08111
100   25   8.00216
100   25   7.8371
100   25   8.0085
100   25   8.07898
100   25   8.21087
100   25   7.85412
100   25   8.04338
100   25   8.09493
100   25   8.17867
100   25   8.33993
100   25   8.35268
100   25   8.00339
100   25   8.15878
100   25   7.91481
100   25   8.56541
100   25   8.00922
100   25   8.2708
100   25   8.30252
100   25   8.18494
100   25   8.21689
100   25   8.37972
100   25   8.05447
100   25   8.0005
100   25   8.1672
100   25   8.17523
100   25   8.54963
100   25   15.924
100   25   26.8122
100   25   13.9963
100   25   11.7901
100   25   10.0597
100   25   8.49232
100   25   8.08726
100   25   10.1762
100   25   9.13796
100   25   7.99913
100   25   8.18446
100   25   8.03759
100   25   8.50341
100   25   8.15681
100   25   8.39609
100   25   8.17186
100   25   10.6998
100   25   8.42986
100   25   8.23228
100   50   10.4344
100   50   10.3258
100   50   10.7725
100   50   10.8359
100   50   10.7482
100   50   10.4093
100   50   10.501
100   50   10.3719
100   50   10.4406
100   50   20.0865
100   50   10.4031
100   50   10.1646
100   50   10.4816
100   50   10.3014
100   50   10.4752
100   50   10.7863
100   50   10.8227
100   50   10.7359
100   50   11.2642
100   50   10.6294
100   50   10.5742
100   50   10.6731
100   50   10.5281
100   50   10.5798
100   50   10.7515
100   50   10.613
100   50   10.4361
100   50   10.823
100   50   10.4794
100   50   10.6634
100   50   10.6867
100   50   10.5625
100   50   10.9741
100   50   11.1197
100   50   10.8604
100   50   13.0756
100   50   13.9544
100   50   12.7023
100   50   12.8451
100   50   12.7636
100   50   14.0187
100   50   13.9801
100   50   13.9086
100   50   13.3463
100   50   12.6465
100   50   12.4025
100   50   12.3779
100   50   12.6334
100   50   20.9942
100   50   23.1464
100   50   12.4801
100   50   13.0834
100   50   13.2467
100   50   11.4521
100   50   11.0901
100   50   11.2713
100   50   10.7738
100   50   12.0414
100   50   11.6904
100   50   12.0584
100   50   11.8829
100   50   11.8355
100   50   12.3762
100   50   12.3322
100   50   12.4103
100   50   12.2463
100   50   12.9981
100   50   12.349
100   50   12.1092
100   50   11.7592
100   50   11.8661
100   50   12.2807
100   50   12.2143
100   50   12.4128
100   50   13.4384
100   50   13.0141
100   50   11.9118
100   50   15.3535
100   50   11.5914
100   50   11.7068
100   50   11.4927
100   50   12.3911
100   50   12.0169
100   50   11.7894
100   50   10.567
100   50   10.7407
100   50   10.4056
100   50   11.2801
100   50   11.7028
100   50   10.4055
100   50   10.5231
100   50   10.7716
100   50   10.3733
100   50   10.607
100   50   10.5835
100   50   10.4661
100   50   10.4615
100   50   15.6483
100   50   10.7301
100   50   10.9237
100   75   8.89011
100   75   8.80681
100   75   8.81651
100   75   8.7843
100   75   16.3091
100   75   10.2576
100   75   8.7069
100   75   9.29377
100   75   9.34919
100   75   9.00885
100   75   9.15118
100   75   8.48475
100   75   9.15529
100   75   8.40461
100   75   8.27038
100   75   11.4534
100   75   8.74357
100   75   9.62245
100   75   8.47775
100   75   9.15634
100   75   8.39032
100   75   8.42645
100   75   9.12737
100   75   8.86533
100   75   9.21778
100   75   8.41232
100   75   8.59908
100   75   8.46213
100   75   8.46735
100   75   8.52638
100   75   8.27743
100   75   8.33442
100   75   8.87149
100   75   8.71393
100   75   8.23374
100   75   8.448
100   75   8.94798
100   75   8.36003
100   75   8.74785
100   75   8.51191
100   75   8.57285
100   75   8.44297
100   75   9.33426
100   75   9.06206
100   75   9.51697
100   75   9.283
100   75   10.4915
100   75   9.49357
100   75   9.53378
100   75   9.18481
100   75   9.67497
100   75   9.56318
100   75   9.565
100   75   10.2851
100   75   9.86689
100   75   9.30091
100   75   8.91532
100   75   8.80146
100   75   8.40175
100   75   9.02718
100   75   8.51129
100   75   8.43355
100   75   8.34319
100   75   8.53733
100   75   8.96727
100   75   8.88489
100   75   8.43957
100   75   8.43627
100   75   8.39175
100   75   8.26586
100   75   12.8114
100   75   8.58569
100   75   8.33114
100   75   11.6058
100   75   8.36328
100   75   8.43138
100   75   8.77942
100   75   8.42006
100   75   8.27666
100   75   8.34272
100   75   8.64476
100   75   8.61504
100   75   8.57434
100   75   8.2368
100   75   8.4368
100   75   8.15764
100   75   8.31158
100   75   9.68728
100   75   9.12736
100   75   9.53158
100   75   9.42984
100   75   9.29167
100   75   9.13843
100   75   8.58071
100   75   9.21522
100   75   8.57322
100   75   8.52652
100   75   8.64625
100   75   9.17691
100   75   8.53898
100   100   5.38454
100   100   5.57275
100   100   5.41545
100   100   5.3979
100   100   5.42322
100   100   5.38392
100   100   5.57925
100   100   5.39317
100   100   5.45603
100   100   5.88844
100   100   5.88818
100   100   5.4206
100   100   5.56954
100   100   5.42245
100   100   5.3078
100   100   5.56726
100   100   5.39893
100   100   5.51772
100   100   5.37348
100   100   8.74856
100   100   5.74151
100   100   5.48732
100   100   5.68848
100   100   5.65873
100   100   5.33246
100   100   5.40563
100   100   5.4588
100   100   5.40415
100   100   5.73267
100   100   5.3788
100   100   5.3762
100   100   5.41062
100   100   5.47941
100   100   5.36936
100   100   10.8059
100   100   6.97751
100   100   5.33727
100   100   6.31818
100   100   5.34642
100   100   5.32803
100   100   6.16834
100   100   5.40349
100   100   5.23691
100   100   5.28175
100   100   13.8174
100   100   12.7846
100   100   6.33428
100   100   5.38767
100   100   5.3189
100   100   5.32208
100   100   5.24154
100   100   5.39537
100   100   5.30863
100   100   5.48858
100   100   5.51009
100   100   5.24918
100   100   5.42899
100   100   5.47544
100   100   5.34523
100   100   5.20058
100   100   5.21985
100   100   5.30462
100   100   5.29668
100   100   5.1833
100   100   5.32913
100   100   5.30944
100   100   5.27032
100   100   5.22928
100   100   5.39491
100   100   5.34251
100   100   5.92282
100   100   5.28747
100   100   5.80526
100   100   5.33192
100   100   5.48347
100   100   5.30347
100   100   5.24471
100   100   5.43599
100   100   5.26212
100   100   5.3238
100   100   5.25944
100   100   5.30917
100   100   5.41195
100   100   5.55864
100   100   5.38071
100   100   5.2514
100   100   5.44752
100   100   5.87371
100   100   5.87161
100   100   5.30208
100   100   5.32525
100   100   5.26274
100   100   5.36202
100   100   5.30084
100   100   5.32511
100   100   5.34317
100   100   5.89033
100   100   8.05841
100   100   5.24255
100   100   5.48235
